% time     seconds  usecs/call     calls    errors syscall
------ ----------- ----------- --------- --------- ----------------
  0.00    0.000253           1       227        62 access
  0.00    0.000007           1         7           arch_prctl
  0.00    0.000015           4         4           bind
  0.00    0.000051           2        34           brk
  0.00    0.000006           1         5           chdir
  0.00    0.000020           5         4           clock_getres
  0.00    0.001360          12       113           clone
  0.04    0.030755           2     13320           close
  0.01    0.004668          52        90        74 connect
  0.00    0.000173           3        68           dup2
  0.00    0.000005           0        21        14 execve
  0.00    0.000017           9         2           faccessat
  0.00    0.000034           4         8           fchdir
  0.02    0.020142           7      3087           fcntl
  0.03    0.026938           2     16807           fstat
  0.00    0.000044           7         6           ftruncate
 92.06   79.454899        1533     51827      8761 futex
  0.00    0.000002           0         9           getcwd
  0.11    0.098404           5     19482           getdents
  0.00    0.000005           2         3           getegid
  0.00    0.000047           3        15           geteuid
  0.00    0.000005           2         3           getgid
  0.00    0.000017           2         9           getpid
  0.00    0.000004           2         2           getppid
  0.01    0.009870         157        63         2 getsockname
  0.01    0.011532         218        53           getsockopt
  0.00    0.000249           3        96           gettid
  0.00    0.000005           1         5           getuid
  0.00    0.000067           1        74         7 ioctl
  0.03    0.023571           1     28034        47 lseek
  0.33    0.281985           3     88426        18 lstat
  0.00    0.000844           9        95           madvise
  0.00    0.000012           6         2         2 mkdir
  0.01    0.005751           3      2249           mmap
  0.01    0.010120           2      5640           mprotect
  0.00    0.002030           3       769           munmap
  0.05    0.041087           3     14099       694 openat
  0.00    0.000061           4        16           pipe
  0.02    0.014112         202        70           poll
  0.00    0.000321           3        94           prctl
  0.00    0.000061           3        18           prlimit64
  0.06    0.053615           1     40870           read
  0.00    0.000084           2        49         2 readlink
  5.88    5.072050        3791      1338           recvfrom
  0.01    0.008335         834        10           recvmsg
  0.00    0.000266           2       127           rt_sigaction
  0.00    0.000888           2       361           rt_sigprocmask
  0.00    0.000164           2        84           rt_sigreturn
  0.00    0.000746           4       198           sched_getaffinity
  0.00    0.002260           3       688           sched_yield
  0.00    0.000009           9         1           sendmmsg
  0.08    0.070804          61      1167           sendto
  0.00    0.000348           3       101           set_robust_list
  0.00    0.000006           2         3           set_tid_address
  0.01    0.009601          60       159           setsockopt
  0.00    0.000000           0         1           shutdown
  0.03    0.029330         330        89           socket
  0.00    0.000001           1         2           socketpair
  0.67    0.579556           4    162856      3097 stat
  0.00    0.000056          11         5           sysinfo
  0.00    0.000002           0         5           uname
  0.00    0.000048          16         3           unlink
  0.00    0.001537           8       191           utimes
  0.49    0.427119       25125        17           wait4
  0.02    0.015950           1     14574           write
------ ----------- ----------- --------- --------- ----------------
100.00   86.312324                467855     12780 total
% time     seconds  usecs/call     calls    errors syscall
------ ----------- ----------- --------- --------- ----------------
  0.00    0.000235           1       220        55 access
  0.00    0.000013           2         7           arch_prctl
  0.00    0.000024           6         4           bind
  0.00    0.000063           2        31           brk
  0.00    0.000007           1         5           chdir
  0.00    0.000005           1         4           clock_getres
  0.00    0.001697          15       113           clone
  0.05    0.029250           2     13317           close
  0.00    0.002677          26       102        80 connect
  0.00    0.000169           2        68           dup2
  0.00    0.000006           0        14         8 execve
  0.00    0.000009           5         2           faccessat
  0.00    0.000000           0         8           fchdir
  0.02    0.009069           3      3087           fcntl
  0.04    0.024841           1     16797           fstat
  0.00    0.000082          14         6           ftruncate
 89.05   50.419685         993     50786      8227 futex
  0.00    0.000032           4         9           getcwd
  0.16    0.092766           5     19482           getdents
  0.00    0.000009           3         3           getegid
  0.00    0.000016           1        15           geteuid
  0.00    0.000009           3         3           getgid
  0.00    0.000014           2         9           getpid
  0.00    0.000005           3         2           getppid
  0.00    0.000641          10        63         2 getsockname
  0.01    0.002900          55        53           getsockopt
  0.00    0.000230           2        96           gettid
  0.00    0.000029           6         5           getuid
  0.00    0.000456           5        92         7 ioctl
  0.04    0.019898           1     28004        47 lseek
  0.44    0.247231           3     88430        18 lstat
  0.00    0.000816           9        92           madvise
  0.00    0.000000           0         2         2 mkdir
  0.01    0.004908           2      2230           mmap
  0.02    0.009227           2      5665           mprotect
  0.00    0.001175           2       766           munmap
  0.07    0.042105           3     14089       694 openat
  0.00    0.000094           6        16           pipe
  0.00    0.002592          36        72           poll
  0.00    0.000286           3        94           prctl
  0.00    0.000023           1        18           prlimit64
  0.10    0.055570           1     40835           read
  0.00    0.000076           2        49         2 readlink
  8.13    4.600582        3464      1328           recvfrom
  0.01    0.008375         931         9           recvmsg
  0.00    0.000085           1       127           rt_sigaction
  0.00    0.000674           2       358           rt_sigprocmask
  0.00    0.000228           3        73           rt_sigreturn
  0.00    0.000654           3       198           sched_getaffinity
  0.01    0.006927           4      1566           sched_yield
  0.00    0.000049          49         1           sendmmsg
  0.09    0.050974          44      1168           sendto
  0.00    0.000293           3       101           set_robust_list
  0.00    0.000009           3         3           set_tid_address
  0.02    0.011194          70       159           setsockopt
  0.00    0.000000           0         1           shutdown
  0.17    0.098762        1040        95           socket
  0.00    0.000004           2         2           socketpair
  0.91    0.517022           3    162864      3097 stat
  0.00    0.000017           3         5           sysinfo
  0.00    0.000019           4         5           uname
  0.00    0.000003           1         3           unlink
  0.00    0.000097           1       191           utimes
  0.62    0.351975       20704        17           wait4
  0.01    0.005397           0     14575           write
------ ----------- ----------- --------- --------- ----------------
100.00   56.622280                467614     12239 total
% time     seconds  usecs/call     calls    errors syscall
------ ----------- ----------- --------- --------- ----------------
  0.00    0.000286           1       227        62 access
  0.00    0.000011           2         7           arch_prctl
  0.00    0.000002           1         4           bind
  0.00    0.000095           3        34           brk
  0.00    0.000006           1         5           chdir
  0.00    0.000016           4         4           clock_getres
  0.00    0.001589          14       113           clone
  0.06    0.038281           3     13321           close
  0.01    0.006631          74        90        74 connect
  0.00    0.000075           1        68           dup2
  0.00    0.000047           2        21        14 execve
  0.00    0.000009           5         2           faccessat
  0.00    0.000027           3         8           fchdir
  0.04    0.022395           7      3087           fcntl
  0.06    0.034448           2     16808           fstat
  0.00    0.000035           6         6           ftruncate
 89.20   54.337158         994     54683      9410 futex
  0.00    0.000017           2         9           getcwd
  0.19    0.113563           6     19482           getdents
  0.00    0.000007           2         3           getegid
  0.00    0.000040           3        15           geteuid
  0.00    0.000007           2         3           getgid
  0.00    0.000014           2         9           getpid
  0.00    0.000003           2         2           getppid
  0.01    0.003432          54        63         2 getsockname
  0.01    0.004832          91        53           getsockopt
  0.00    0.000250           3        96           gettid
  0.00    0.000010           2         5           getuid
  0.00    0.000015           0        74         7 ioctl
  0.03    0.020509           1     28038        47 lseek
  0.49    0.300091           3     88434        18 lstat
  0.00    0.000591           7        82           madvise
  0.00    0.000009           5         2         2 mkdir
  0.01    0.006082           3      2243           mmap
  0.02    0.012815           2      5960           mprotect
  0.00    0.001238           2       754           munmap
  0.08    0.050353           4     14100       694 openat
  0.00    0.000073           5        16           pipe
  0.01    0.006433          95        68           poll
  0.00    0.000365           4        94           prctl
  0.00    0.000061           3        18           prlimit64
  0.10    0.062913           2     40887           read
  0.00    0.000104           2        49         2 readlink
  7.44    4.533454        3314      1368           recvfrom
  0.01    0.007835         784        10           recvmsg
  0.00    0.000163           1       127           rt_sigaction
  0.00    0.000833           2       361           rt_sigprocmask
  0.00    0.000176           2        92           rt_sigreturn
  0.00    0.000690           3       198           sched_getaffinity
  0.02    0.009636           5      1807           sched_yield
  0.00    0.000000           0         1           sendmmsg
  0.16    0.099199          85      1166           sendto
  0.00    0.000456           5       101           set_robust_list
  0.00    0.000008           3         3           set_tid_address
  0.02    0.014691          92       159           setsockopt
  0.00    0.000004           4         1           shutdown
  0.32    0.195565        2197        89           socket
  0.00    0.000028          14         2           socketpair
  1.04    0.632306           4    162872      3097 stat
  0.00    0.000039           8         5           sysinfo
  0.00    0.000007           1         5           uname
  0.00    0.000012           4         3           unlink
  0.00    0.000046           0       191           utimes
  0.63    0.382767       22516        17           wait4
  0.02    0.014626           1     14578           write
------ ----------- ----------- --------- --------- ----------------
100.00   60.917479                472203     13429 total
% time     seconds  usecs/call     calls    errors syscall
------ ----------- ----------- --------- --------- ----------------
  0.00    0.000255           1       227        62 access
  0.00    0.000008           1         7           arch_prctl
  0.00    0.000006           2         3           bind
  0.00    0.000055           2        32           brk
  0.00    0.000006           1         5           chdir
  0.00    0.000015           4         4           clock_getres
  0.00    0.001337          12       113           clone
  0.05    0.028369           2     13319           close
  0.01    0.007485          76        98        78 connect
  0.00    0.000005           0        68           dup2
  0.00    0.000014           1        15         8 execve
  0.00    0.000010           5         2           faccessat
  0.00    0.000018           2         8           fchdir
  0.05    0.024439           8      3087           fcntl
  0.05    0.024501           1     16803           fstat
  0.00    0.000068          11         6           ftruncate
 84.44   45.246840         899     50358      8326 futex
  0.00    0.000009           1         9           getcwd
  0.17    0.089275           5     19482           getdents
  0.00    0.000004           1         3           getegid
  0.00    0.000029           2        15           geteuid
  0.00    0.000004           1         3           getgid
  0.00    0.000017           2         9           getpid
  0.00    0.000000           0         2           getppid
  0.00    0.001972          32        62         2 getsockname
  0.01    0.005178          98        53           getsockopt
  0.00    0.000422           4        96           gettid
  0.00    0.000010           2         5           getuid
  0.00    0.000068           1        87         7 ioctl
  0.03    0.014370           1     28004        47 lseek
  0.44    0.234397           3     88438        18 lstat
  0.00    0.000314           3        90           madvise
  0.00    0.000006           3         2         2 mkdir
  0.01    0.005798           3      2215           mmap
  0.02    0.011825           2      5976           mprotect
  0.00    0.001266           2       761           munmap
  0.07    0.037278           3     14095       694 openat
  0.00    0.000022           1        16           pipe
  0.01    0.003165          47        68           poll
  0.00    0.000306           3        94           prctl
  0.00    0.000043           2        18           prlimit64
  0.09    0.049697           1     40834           read
  0.00    0.000080           2        49         2 readlink
 11.04    5.914296        4494      1316           recvfrom
  0.01    0.004085         511         8           recvmsg
  0.00    0.000333           3       127           rt_sigaction
  0.00    0.000692           2       360           rt_sigprocmask
  0.00    0.000106           1        71           rt_sigreturn
  0.00    0.000675           3       198           sched_getaffinity
  0.01    0.004357           4      1043           sched_yield
  0.00    0.000007           7         1           sendmmsg
  0.08    0.043310          37      1165           sendto
  0.00    0.000275           3       101           set_robust_list
  0.00    0.000008           3         3           set_tid_address
  0.02    0.008678          55       159           setsockopt
  0.00    0.000000           0         1           shutdown
  0.18    0.095217        1035        92           socket
  0.00    0.000000           0         2           socketpair
  0.94    0.505834           3    162880      3097 stat
  0.00    0.000041           8         5           sysinfo
  0.00    0.000020           4         5           uname
  0.00    0.000007           2         3           unlink
  0.00    0.000124           1       191           utimes
  2.25    1.204381       70846        17           wait4
  0.03    0.015031           1     14576           write
------ ----------- ----------- --------- --------- ----------------
100.00   53.586463                466965     12343 total
% time     seconds  usecs/call     calls    errors syscall
------ ----------- ----------- --------- --------- ----------------
  0.00    0.000203           1       227        62 access
  0.00    0.000004           1         7           arch_prctl
  0.00    0.000010           3         4           bind
  0.00    0.000052           2        32           brk
  0.00    0.000000           0         5           chdir
  0.00    0.000012           3         4           clock_getres
  0.00    0.001470          13       113           clone
  0.05    0.026510           2     13316           close
  0.02    0.011700         130        90        74 connect
  0.00    0.000130           2        68           dup2
  0.00    0.000036           2        19        12 execve
  0.00    0.000000           0         2           faccessat
  0.00    0.000020           3         8           fchdir
  0.06    0.031310          10      3087           fcntl
  0.05    0.024533           1     16803           fstat
  0.00    0.000028           5         6           ftruncate
 90.49   48.920313        1013     48295      7976 futex
  0.00    0.000011           1         9           getcwd
  0.16    0.085906           4     19482           getdents
  0.00    0.000003           1         3           getegid
  0.00    0.000024           2        15           geteuid
  0.00    0.000003           1         3           getgid
  0.00    0.000011           1         9           getpid
  0.00    0.000000           0         2           getppid
  0.02    0.008739         139        63         2 getsockname
  0.01    0.002776          52        53           getsockopt
  0.00    0.000184           2        96           gettid
  0.00    0.000010           2         5           getuid
  0.00    0.000199           3        75         7 ioctl
  0.04    0.020128           1     28004        47 lseek
  0.43    0.232359           3     88434        18 lstat
  0.00    0.001315          15        88           madvise
  0.00    0.000007           4         2         2 mkdir
  0.01    0.005849           3      2190           mmap
  0.02    0.011465           2      5901           mprotect
  0.00    0.001297           2       758           munmap
  0.07    0.035358           3     14095       694 openat
  0.00    0.000009           1        16           pipe
  0.01    0.006680          98        68           poll
  0.00    0.000366           4        94           prctl
  0.00    0.000040           2        18           prlimit64
  0.07    0.040125           1     40742           read
  0.00    0.000069           1        49         2 readlink
  6.36    3.435600        2619      1312           recvfrom
  0.02    0.008387         839        10           recvmsg
  0.00    0.000318           3       127           rt_sigaction
  0.00    0.001065           3       360           rt_sigprocmask
  0.00    0.000039           1        70           rt_sigreturn
  0.00    0.000779           4       198           sched_getaffinity
  0.00    0.000751           2       364           sched_yield
  0.00    0.000010          10         1           sendmmsg
  0.13    0.068369          59      1166           sendto
  0.00    0.000258           3       101           set_robust_list
  0.00    0.000004           1         3           set_tid_address
  0.04    0.022753         143       159           setsockopt
  0.00    0.000000           0         1           shutdown
  0.22    0.118590        1332        89           socket
  0.00    0.000000           0         2           socketpair
  0.92    0.497265           3    162872      3097 stat
  0.00    0.000043           9         5           sysinfo
  0.00    0.000015           3         5           uname
  0.00    0.000047          16         3           unlink
  0.00    0.000069           0       191           utimes
  0.79    0.427815       25166        17           wait4
  0.01    0.007299           1     14577           write
------ ----------- ----------- --------- --------- ----------------
100.00   54.058740                463993     11993 total
% time     seconds  usecs/call     calls    errors syscall
------ ----------- ----------- --------- --------- ----------------
  0.00    0.000176           1       227        62 access
  0.00    0.000014           2         7           arch_prctl
  0.00    0.000005           2         3           bind
  0.00    0.000083           2        34           brk
  0.00    0.000017           3         5           chdir
  0.00    0.000007           2         4           clock_getres
  0.00    0.001097          10       113           clone
  0.07    0.039721           3     13315           close
  0.01    0.005419          56        96        77 connect
  0.00    0.000201           3        68           dup2
  0.00    0.000063           3        21        14 execve
  0.00    0.000000           0         2           faccessat
  0.00    0.000016           2         8           fchdir
  0.02    0.009086           3      3087           fcntl
  0.06    0.035684           2     16800           fstat
  0.00    0.000025           4         6           ftruncate
 89.78   53.532763        1075     49820      8216 futex
  0.00    0.000015           2         9           getcwd
  0.20    0.117745           6     19482           getdents
  0.00    0.000002           1         3           getegid
  0.00    0.000017           1        15           geteuid
  0.00    0.000002           1         3           getgid
  0.00    0.000010           1         9           getpid
  0.00    0.000000           0         2           getppid
  0.00    0.001666          27        62         2 getsockname
  0.01    0.003280          62        53           getsockopt
  0.00    0.000368           4        96           gettid
  0.00    0.000007           1         5           getuid
  0.00    0.000023           0        84         7 ioctl
  0.04    0.023942           1     27972        47 lseek
  0.52    0.309724           4     88436        18 lstat
  0.00    0.000762           8        91           madvise
  0.00    0.000006           3         2         2 mkdir
  0.01    0.006742           3      2223           mmap
  0.02    0.010901           2      5769           mprotect
  0.00    0.002066           3       763           munmap
  0.09    0.051521           4     14092       694 openat
  0.00    0.000039           2        16           pipe
  0.00    0.000370           5        68           poll
  0.00    0.000325           3        94           prctl
  0.00    0.000032           2        18           prlimit64
  0.10    0.062596           2     40708           read
  0.00    0.000128           3        49         2 readlink
  5.92    3.527271        2739      1288           recvfrom
  0.01    0.005656         707         8           recvmsg
  0.00    0.000075           1       127           rt_sigaction
  0.00    0.000757           2       361           rt_sigprocmask
  0.00    0.000092           1        77           rt_sigreturn
  0.00    0.000606           3       198           sched_getaffinity
  0.00    0.001044           2       444           sched_yield
  0.00    0.000000           0         1           sendmmsg
  0.05    0.028466          24      1165           sendto
  0.00    0.000260           3       101           set_robust_list
  0.00    0.000009           3         3           set_tid_address
  0.02    0.013483          85       159           setsockopt
  0.00    0.000000           0         1           shutdown
  0.03    0.019849         218        91           socket
  0.00    0.000002           1         2           socketpair
  1.05    0.624052           4    162876      3097 stat
  0.00    0.000009           2         5           sysinfo
  0.00    0.000017           3         5           uname
  0.00    0.000000           0         3           unlink
  0.00    0.000450           2       191           utimes
  1.95    1.165549       68562        17           wait4
  0.04    0.021358           1     14580           write
------ ----------- ----------- --------- --------- ----------------
100.00   59.625671                465443     12238 total
% time     seconds  usecs/call     calls    errors syscall
------ ----------- ----------- --------- --------- ----------------
  0.00    0.000117           1       227        62 access
  0.00    0.000000           0         7           arch_prctl
  0.00    0.000007           2         4           bind
  0.00    0.000025           1        32           brk
  0.00    0.000000           0         5           chdir
  0.00    0.000009           2         4           clock_getres
  0.00    0.000678           6       113           clone
  0.05    0.028152           2     13314           close
  0.00    0.001397          15        94        76 connect
  0.00    0.000307           5        68           dup2
  0.00    0.000000           0        14         8 execve
  0.00    0.000000           0         2           faccessat
  0.00    0.000013           2         8           fchdir
  0.01    0.003430           1      3087           fcntl
  0.04    0.022631           1     16799           fstat
  0.00    0.000061          10         6           ftruncate
 88.31   52.180816         995     52423      9018 futex
  0.00    0.000022           2         9           getcwd
  0.15    0.089237           5     19482           getdents
  0.00    0.000002           1         3           getegid
  0.00    0.000013           1        15           geteuid
  0.00    0.000001           0         3           getgid
  0.00    0.000010           1         9           getpid
  0.00    0.000000           0         2           getppid
  0.00    0.000177           3        63         2 getsockname
  0.00    0.000871          16        53           getsockopt
  0.00    0.000185           2        96           gettid
  0.00    0.000013           3         5           getuid
  0.00    0.000084           1        80         7 ioctl
  0.04    0.022835           1     27970        47 lseek
  0.39    0.232101           3     88438        18 lstat
  0.00    0.000525           6        85           madvise
  0.00    0.000005           3         2         2 mkdir
  0.01    0.004893           2      2262           mmap
  0.01    0.007780           1      5750           mprotect
  0.00    0.001282           2       763           munmap
  0.06    0.036283           3     14091       694 openat
  0.00    0.000010           1        16           pipe
  0.00    0.000262           4        72           poll
  0.00    0.000261           3        94           prctl
  0.00    0.000034           2        18           prlimit64
  0.11    0.064102           2     40818           read
  0.00    0.000063           1        49         2 readlink
  8.96    5.296457        4119      1286           recvfrom
  0.01    0.008155         816        10           recvmsg
  0.00    0.000304           2       127           rt_sigaction
  0.00    0.000584           2       360           rt_sigprocmask
  0.00    0.000038           0        82           rt_sigreturn
  0.00    0.000587           3       198           sched_getaffinity
  0.00    0.001286           2       778           sched_yield
  0.00    0.000000           0         1           sendmmsg
  0.05    0.031811          27      1168           sendto
  0.00    0.000213           2       101           set_robust_list
  0.00    0.000000           0         3           set_tid_address
  0.01    0.003166          20       159           setsockopt
  0.00    0.000002           2         1           shutdown
  0.00    0.002732          30        91           socket
  0.00    0.000006           3         2           socketpair
  0.84    0.494883           3    162880      3097 stat
  0.00    0.000042           8         5           sysinfo
  0.00    0.000012           2         5           uname
  0.00    0.000049          16         3           unlink
  0.00    0.000109           1       191           utimes
  0.89    0.528575       31093        17           wait4
  0.04    0.022212           2     14572           write
------ ----------- ----------- --------- --------- ----------------
100.00   59.089917                468495     13033 total
% time     seconds  usecs/call     calls    errors syscall
------ ----------- ----------- --------- --------- ----------------
  0.00    0.000293           1       227        62 access
  0.00    0.000014           2         7           arch_prctl
  0.00    0.000016           5         3           bind
  0.00    0.000100           3        32           brk
  0.00    0.000007           1         5           chdir
  0.00    0.000017           4         4           clock_getres
  0.00    0.000639           6       113           clone
  0.05    0.028859           2     13322           close
  0.00    0.001560          16        96        77 connect
  0.00    0.000013           0        68           dup2
  0.00    0.000061           4        15         8 execve
  0.00    0.000017           9         2           faccessat
  0.00    0.000015           2         8           fchdir
  0.01    0.007317           2      3087           fcntl
  0.04    0.026007           2     16807           fstat
  0.00    0.000043           7         6           ftruncate
 89.33   52.425189        1039     50452      8400 futex
  0.00    0.000013           1         9           getcwd
  0.16    0.092124           5     19482           getdents
  0.00    0.000011           4         3           getegid
  0.00    0.000038           3        15           geteuid
  0.00    0.000008           3         3           getgid
  0.00    0.000025           3         9           getpid
  0.00    0.000007           4         2           getppid
  0.00    0.002799          45        62         2 getsockname
  0.00    0.000067           1        53           getsockopt
  0.00    0.000248           3        96           gettid
  0.00    0.000013           3         5           getuid
  0.00    0.000034           0        83         7 ioctl
  0.03    0.018957           1     28036        47 lseek
  0.44    0.255406           3     88440        18 lstat
  0.00    0.000702           8        84           madvise
  0.00    0.000005           3         2         2 mkdir
  0.01    0.005345           2      2251           mmap
  0.02    0.008992           2      5884           mprotect
  0.00    0.002204           3       772           munmap
  0.07    0.039613           3     14099       694 openat
  0.00    0.000079           5        16           pipe
  0.00    0.002195          31        70           poll
  0.00    0.000160           2        94           prctl
  0.00    0.000048           3        18           prlimit64
  0.11    0.062515           2     40881           read
  0.00    0.000116           2        49         2 readlink
  8.08    4.740710        3440      1378           recvfrom
  0.01    0.005627         703         8           recvmsg
  0.00    0.000179           1       127           rt_sigaction
  0.00    0.000640           2       361           rt_sigprocmask
  0.00    0.000140           2        82           rt_sigreturn
  0.00    0.000406           2       198           sched_getaffinity
  0.01    0.003524           3      1366           sched_yield
  0.00    0.000000           0         1           sendmmsg
  0.06    0.034206          29      1166           sendto
  0.00    0.000197           2       101           set_robust_list
  0.00    0.000009           3         3           set_tid_address
  0.00    0.001972          12       159           setsockopt
  0.00    0.000000           0         1           shutdown
  0.00    0.001424          16        91           socket
  0.00    0.000001           1         2           socketpair
  0.92    0.537970           3    162884      3097 stat
  0.00    0.000024           5         5           sysinfo
  0.00    0.000007           1         5           uname
  0.00    0.000032          11         3           unlink
  0.00    0.001223           6       191           utimes
  0.60    0.353362       20786        17           wait4
  0.04    0.023152           2     14581           write
------ ----------- ----------- --------- --------- ----------------
100.00   58.686696                467502     12416 total
% time     seconds  usecs/call     calls    errors syscall
------ ----------- ----------- --------- --------- ----------------
  0.00    0.000290           1       227        62 access
  0.00    0.000012           2         7           arch_prctl
  0.00    0.000024           6         4           bind
  0.00    0.000055           2        32           brk
  0.00    0.000007           1         5           chdir
  0.00    0.000018           5         4           clock_getres
  0.00    0.001126          10       113           clone
  0.04    0.030196           2     13318           close
  0.01    0.006339          67        94        76 connect
  0.00    0.000360           5        68           dup2
  0.00    0.000075           5        15         8 execve
  0.00    0.000010           5         2           faccessat
  0.00    0.000036           5         8           fchdir
  0.02    0.016031           5      3087           fcntl
  0.03    0.026106           2     16803           fstat
  0.00    0.000060          10         6           ftruncate
 91.93   72.873580        1445     50428      8106 futex
  0.00    0.000010           1         9           getcwd
  0.13    0.101619           5     19482           getdents
  0.00    0.000006           2         3           getegid
  0.00    0.000047           3        15           geteuid
  0.00    0.000007           2         3           getgid
  0.00    0.000010           1         9           getpid
  0.00    0.000003           2         2           getppid
  0.00    0.003132          50        63         2 getsockname
  0.00    0.002897          55        53           getsockopt
  0.00    0.000216           2        96           gettid
  0.00    0.000011           2         5           getuid
  0.00    0.000027           0        79         7 ioctl
  0.03    0.020257           1     28004        47 lseek
  0.30    0.240230           3     88434        18 lstat
  0.00    0.000801           9        94           madvise
  0.00    0.000013           7         2         2 mkdir
  0.01    0.006391           3      2218           mmap
  0.01    0.009633           2      5662           mprotect
  0.00    0.001405           2       767           munmap
  0.05    0.039795           3     14095       694 openat
  0.00    0.000074           5        16           pipe
  0.01    0.007541         108        70           poll
  0.00    0.000412           4        94           prctl
  0.00    0.000063           4        18           prlimit64
  0.06    0.050580           1     40809           read
  0.00    0.000137           3        49         2 readlink
  5.81    4.605956        3422      1346           recvfrom
  0.01    0.008346         835        10           recvmsg
  0.00    0.000191           2       127           rt_sigaction
  0.00    0.001507           4       360           rt_sigprocmask
  0.00    0.000088           1        70           rt_sigreturn
  0.00    0.000736           4       198           sched_getaffinity
  0.01    0.010663          16       667           sched_yield
  0.00    0.000059          59         1           sendmmsg
  0.05    0.041915          36      1167           sendto
  0.00    0.000328           3       101           set_robust_list
  0.00    0.000008           3         3           set_tid_address
  0.01    0.008228          52       159           setsockopt
  0.00    0.000001           1         1           shutdown
  0.29    0.232060        2550        91           socket
  0.00    0.000005           3         2           socketpair
  0.65    0.515989           3    162872      3097 stat
  0.00    0.000036           7         5           sysinfo
  0.00    0.000011           2         5           uname
  0.00    0.000010           3         3           unlink
  0.00    0.000053           0       191           utimes
  0.49    0.388249       22838        17           wait4
  0.02    0.015965           1     14580           write
------ ----------- ----------- --------- --------- ----------------
100.00   79.270046                466348     12121 total
% time     seconds  usecs/call     calls    errors syscall
------ ----------- ----------- --------- --------- ----------------
  0.00    0.000177           1       230        65 access
  0.00    0.000004           1         8           arch_prctl
  0.00    0.000010           3         4           bind
  0.00    0.000062           2        35           brk
  0.00    0.000000           0         5           chdir
  0.00    0.000010           3         4           clock_getres
  0.00    0.000793           7       113           clone
  0.06    0.030560           2     13321           close
  0.01    0.003216          34        94        76 connect
  0.00    0.000218           3        68           dup2
  0.00    0.000000           0        22        14 execve
  0.00    0.000000           0         2           faccessat
  0.00    0.000019           2         8           fchdir
  0.04    0.018482           6      3087           fcntl
  0.05    0.026526           2     16806           fstat
  0.00    0.000028           5         6           ftruncate
 91.27   45.397232         910     49901      7765 futex
  0.00    0.000023           3         9           getcwd
  0.19    0.095441           5     19482           getdents
  0.00    0.000003           1         3           getegid
  0.00    0.000023           2        15           geteuid
  0.00    0.000003           1         3           getgid
  0.00    0.000006           1         9           getpid
  0.00    0.000000           0         2           getppid
  0.00    0.000240           4        63         2 getsockname
  0.00    0.001994          38        53           getsockopt
  0.00    0.000222           2        96           gettid
  0.00    0.000004           1         5           getuid
  0.00    0.000017           0        80         7 ioctl
  0.04    0.019014           1     28002        47 lseek
  0.52    0.258433           3     88436        18 lstat
  0.00    0.000418           5        90           madvise
  0.00    0.000006           3         2         2 mkdir
  0.01    0.004127           2      2249           mmap
  0.02    0.008383           1      5697           mprotect
  0.00    0.001486           2       766           munmap
  0.08    0.040224           3     14098       694 openat
  0.00    0.000025           2        16           pipe
  0.01    0.006255          92        68           poll
  0.00    0.000336           4        94           prctl
  0.00    0.000039           2        18           prlimit64
  0.12    0.059144           1     40860           read
  0.00    0.000039           1        49         2 readlink
  5.41    2.689957        1984      1356           recvfrom
  0.02    0.008398         840        10           recvmsg
  0.00    0.000100           1       127           rt_sigaction
  0.00    0.000676           2       360           rt_sigprocmask
  0.00    0.000138           2        78           rt_sigreturn
  0.00    0.000620           3       198           sched_getaffinity
  0.01    0.002732           5       606           sched_yield
  0.00    0.000000           0         1           sendmmsg
  0.19    0.093957          81      1166           sendto
  0.00    0.000269           3       101           set_robust_list
  0.00    0.000004           1         3           set_tid_address
  0.02    0.009485          60       159           setsockopt
  0.00    0.000000           0         1           shutdown
  0.26    0.127768        1404        91           socket
  0.00    0.000000           0         2           socketpair
  1.08    0.535625           3    162876      3097 stat
  0.00    0.000023           5         5           sysinfo
  0.00    0.000003           1         5           uname
  0.00    0.000258          86         3           unlink
  0.00    0.000457           2       191           utimes
  0.57    0.281812       16577        17           wait4
  0.03    0.016357           1     14579           write
------ ----------- ----------- --------- --------- ----------------
100.00   49.741881                465914     11789 total
% time     seconds  usecs/call     calls    errors syscall
------ ----------- ----------- --------- --------- ----------------
  0.00    0.000295           1       227        62 access
  0.00    0.000008           1         7           arch_prctl
  0.00    0.000005           2         3           bind
  0.00    0.000038           1        32           brk
  0.00    0.000000           0         5           chdir
  0.00    0.000021           5         4           clock_getres
  0.00    0.001144          10       113           clone
  0.05    0.028657           2     13314           close
  0.01    0.005023          52        96        77 connect
  0.00    0.000603           9        68           dup2
  0.00    0.000003           0        21        14 execve
  0.00    0.000000           0         2           faccessat
  0.00    0.000037           5         8           fchdir
  0.04    0.020326           7      3087           fcntl
  0.04    0.023985           1     16799           fstat
  0.00    0.000049           8         6           ftruncate
 88.24   50.931529        1005     50676      8655 futex
  0.00    0.000017           2         9           getcwd
  0.17    0.097015           5     19482           getdents
  0.00    0.000000           0         3           getegid
  0.00    0.000033           2        15           geteuid
  0.00    0.000000           0         3           getgid
  0.00    0.000007           1         9           getpid
  0.00    0.000000           0         2           getppid
  0.00    0.001936          31        62         2 getsockname
  0.00    0.000902          17        53           getsockopt
  0.00    0.000319           3        96           gettid
  0.00    0.000008           2         5           getuid
  0.00    0.000008           0        83         7 ioctl
  0.04    0.022230           1     27970        47 lseek
  0.42    0.243535           3     88438        18 lstat
  0.00    0.000462           5        85           madvise
  0.00    0.000012           6         2         2 mkdir
  0.01    0.005740           3      2205           mmap
  0.02    0.009995           2      5787           mprotect
  0.00    0.000939           1       760           munmap
  0.07    0.038302           3     14091       694 openat
  0.00    0.000020           1        16           pipe
  0.01    0.004823          71        68           poll
  0.00    0.000389           4        94           prctl
  0.00    0.000070           4        18           prlimit64
  0.09    0.052257           1     40806           read
  0.00    0.000025           1        49         2 readlink
  8.95    5.165756        3815      1354           recvfrom
  0.01    0.005604         701         8           recvmsg
  0.00    0.000165           1       127           rt_sigaction
  0.00    0.001218           3       359           rt_sigprocmask
  0.00    0.000069           1        57           rt_sigreturn
  0.00    0.000790           4       198           sched_getaffinity
  0.01    0.003825           9       439           sched_yield
  0.00    0.000000           0         1           sendmmsg
  0.10    0.060487          52      1165           sendto
  0.00    0.000370           4       101           set_robust_list
  0.00    0.000004           1         3           set_tid_address
  0.09    0.051481         324       159           setsockopt
  0.00    0.000001           1         1           shutdown
  0.07    0.039871         438        91           socket
  0.00    0.000005           3         2           socketpair
  0.90    0.518635           3    162880      3097 stat
  0.00    0.000042           8         5           sysinfo
  0.00    0.000012           2         5           uname
  0.00    0.000008           3         3           unlink
  0.00    0.000073           0       191           utimes
  0.65    0.372491       21911        17           wait4
  0.01    0.008479           1     14579           write
------ ----------- ----------- --------- --------- ----------------
100.00   57.720153                466424     12677 total
% time     seconds  usecs/call     calls    errors syscall
------ ----------- ----------- --------- --------- ----------------
  0.00    0.000230           1       227        62 access
  0.00    0.000007           1         7           arch_prctl
  0.00    0.000013           3         4           bind
  0.00    0.000079           2        34           brk
  0.00    0.000000           0         5           chdir
  0.00    0.000018           5         4           clock_getres
  0.00    0.001239          11       113           clone
  0.05    0.030202           2     13317           close
  0.01    0.003427          38        90        74 connect
  0.00    0.000087           1        68           dup2
  0.00    0.000000           0        21        14 execve
  0.00    0.000000           0         2           faccessat
  0.00    0.000033           4         8           fchdir
  0.03    0.017079           6      3087           fcntl
  0.05    0.026641           2     16804           fstat
  0.00    0.000046           8         6           ftruncate
 89.81   51.623117        1004     51422      8928 futex
  0.00    0.000006           1         9           getcwd
  0.17    0.099235           5     19482           getdents
  0.00    0.000003           1         3           getegid
  0.00    0.000032           2        15           geteuid
  0.00    0.000003           1         3           getgid
  0.00    0.000020           2         9           getpid
  0.00    0.000000           0         2           getppid
  0.00    0.001327          21        63         2 getsockname
  0.01    0.005881         111        53           getsockopt
  0.00    0.000352           4        96           gettid
  0.00    0.000003           1         5           getuid
  0.00    0.000006           0        74         7 ioctl
  0.04    0.022623           1     28004        47 lseek
  0.43    0.250024           3     88440        18 lstat
  0.00    0.000995          11        94           madvise
  0.00    0.000012           6         2         2 mkdir
  0.01    0.006608           3      2257           mmap
  0.02    0.009869           2      5990           mprotect
  0.00    0.001122           1       767           munmap
  0.07    0.039743           3     14096       694 openat
  0.00    0.000021           1        16           pipe
  0.01    0.007035         101        70           poll
  0.00    0.000476           5        94           prctl
  0.00    0.000071           4        18           prlimit64
  0.09    0.054139           1     40709           read
  0.00    0.000053           1        49         2 readlink
  6.79    3.900258        2933      1330           recvfrom
  0.01    0.008349         835        10           recvmsg
  0.00    0.000376           3       127           rt_sigaction
  0.00    0.001128           3       361           rt_sigprocmask
  0.00    0.000040           1        76           rt_sigreturn
  0.00    0.000974           5       198           sched_getaffinity
  0.01    0.003136           2      1526           sched_yield
  0.00    0.000010          10         1           sendmmsg
  0.13    0.073980          63      1167           sendto
  0.00    0.000352           3       101           set_robust_list
  0.00    0.000012           4         3           set_tid_address
  0.05    0.028569         180       159           setsockopt
  0.00    0.000002           2         1           shutdown
  0.53    0.305014        3427        89           socket
  0.00    0.000034          17         2           socketpair
  0.91    0.520403           3    162884      3097 stat
  0.00    0.000053          11         5           sysinfo
  0.00    0.000011           2         5           uname
  0.00    0.000004           1         3           unlink
  0.00    0.000035           0       191           utimes
  0.75    0.428534       25208        17           wait4
  0.02    0.009273           1     14581           write
------ ----------- ----------- --------- --------- ----------------
100.00   57.482424                468476     12947 total
