% time     seconds  usecs/call     calls    errors syscall
------ ----------- ----------- --------- --------- ----------------
  0.00    0.000221           1       234        69 access
  0.00    0.000000           0         9           arch_prctl
  0.00    0.000013           3         4           bind
  0.00    0.000042           1        38           brk
  0.00    0.000000           0         5           chdir
  0.00    0.000007           2         4           clock_getres
  0.00    0.000566           5       109           clone
  0.00    0.030101           2     13389           close
  0.00    0.003236          39        84        69 connect
  0.00    0.000223           3        64           dup2
  0.00    0.000000           0        20        11 execve
  0.00    0.000000           0         2           faccessat
  0.00    0.000014           2         8           fchdir
  0.00    0.014415           5      3071           fcntl
  0.00    0.026213           2     16881           fstat
  0.00    0.000022           4         6           ftruncate
 27.81  568.591189        2760    206045     68591 futex
  0.00    0.000002           0         9           getcwd
  0.01    0.104095           5     19606           getdents
  0.00    0.000004           1         3           getegid
  0.00    0.000015           1        15           geteuid
  0.00    0.000003           1         3           getgid
  0.00    0.000011           1         9           getpid
  0.00    0.000000           0         2           getppid
  0.00    0.001463          25        59         2 getsockname
  0.00    0.003871          79        49           getsockopt
  0.00    0.000261           3        92           gettid
  0.00    0.000003           1         5           getuid
  0.00    0.000184           3        71         7 ioctl
  0.00    0.019133           1     28054        47 lseek
  0.01    0.246903           3     88703        18 lstat
  0.00    0.001969          18       111           madvise
  0.00    0.000004           2         2         2 mkdir
  0.00    0.011972           5      2563           mmap
  0.00    0.013742           2      7461           mprotect
  0.00    0.002466           3       779           munmap
  0.00    0.040692           3     14173       694 openat
  0.00    0.000009           1        16           pipe
  0.00    0.032518          60       540           poll
  0.00    0.000240           3        90           prctl
  0.00    0.000023           1        18           prlimit64
  0.01    0.176161           4     40906           read
  0.00    0.000044           1        49         2 readlink
 70.02 1431.646597        1431   1000350           recvfrom
  0.00    0.024748        1650        15           recvmsg
  0.00    0.000255           2       127           rt_sigaction
  0.00    0.000790           2       344           rt_sigprocmask
  0.00    0.000198           2       102           rt_sigreturn
  0.00    0.000487           3       191           sched_getaffinity
  0.00    0.000000           0         1           sched_setaffinity
  0.01    0.249921           9     27737           sched_yield
  0.00    0.000008           8         1           sendmmsg
  0.52   10.587191          11   1000392           sendto
  0.00    0.000218           2        97           set_robust_list
  0.00    0.000000           0         3           set_tid_address
  0.00    0.017270         117       147           setsockopt
  0.00    0.000000           0         1           shutdown
  0.00    0.091966        1095        84           socket
  0.00    0.000000           0         2           socketpair
  0.03    0.572050           4    163321      3094 stat
  0.00    0.000021           4         5           sysinfo
  0.00    0.000007           1         5           uname
  0.00    0.000036          12         3           unlink
  0.00    0.000552           3       191           utimes
  1.57   32.129415     1889966        17           wait4
  0.00    0.022132           1     15037           write
------ ----------- ----------- --------- --------- ----------------
100.00 2044.665912               2651534     72606 total
% time     seconds  usecs/call     calls    errors syscall
------ ----------- ----------- --------- --------- ----------------
  0.00    0.000140           1       230        65 access
  0.00    0.000000           0         8           arch_prctl
  0.00    0.000023           6         4           bind
  0.00    0.000030           1        35           brk
  0.00    0.000000           0         5           chdir
  0.00    0.000005           1         4           clock_getres
  0.00    0.001050          10       109           clone
  0.00    0.029126           2     13378           close
  0.00    0.004361          52        84        69 connect
  0.00    0.000000           0        64           dup2
  0.00    0.000000           0        19        11 execve
  0.00    0.000000           0         2           faccessat
  0.00    0.000015           2         8           fchdir
  0.00    0.002390           1      3071           fcntl
  0.00    0.023680           1     16870           fstat
  0.00    0.000065          11         6           ftruncate
 27.74  581.746226        2256    257861     91385 futex
  0.00    0.000011           1         9           getcwd
  0.00    0.093531           5     19602           getdents
  0.00    0.000000           0         3           getegid
  0.00    0.000012           1        15           geteuid
  0.00    0.000000           0         3           getgid
  0.00    0.000000           0         9           getpid
  0.00    0.000000           0         2           getppid
  0.00    0.002360          40        59         2 getsockname
  0.00    0.000139           3        49           getsockopt
  0.00    0.000302           3        92           gettid
  0.00    0.000014           3         5           getuid
  0.00    0.000053           1        71         7 ioctl
  0.00    0.025005           1     28054        47 lseek
  0.01    0.223351           3     88692        18 lstat
  0.00    0.002179          22       100           madvise
  0.00    0.000005           3         2         2 mkdir
  0.00    0.013523           5      2564           mmap
  0.00    0.015055           2      7559           mprotect
  0.00    0.002485           3       777           munmap
  0.00    0.039771           3     14162       694 openat
  0.00    0.000019           1        16           pipe
  0.00    0.028763          39       740           poll
  0.00    0.000434           5        90           prctl
  0.00    0.000022           1        18           prlimit64
  0.01    0.244698           6     40893           read
  0.00    0.000050           1        49         2 readlink
 70.01 1468.263810        1466   1001442           recvfrom
  0.00    0.008103         810        10           recvmsg
  0.00    0.000063           0       127           rt_sigaction
  0.00    0.001340           4       344           rt_sigprocmask
  0.00    0.000755           9        85           rt_sigreturn
  0.00    0.000806           4       190           sched_getaffinity
  0.01    0.290697           9     33598           sched_yield
  0.00    0.000062          62         1           sendmmsg
  0.62   12.950535          13   1000492           sendto
  0.00    0.000388           4        97           set_robust_list
  0.00    0.000000           0         3           set_tid_address
  0.00    0.001706          12       147           setsockopt
  0.00    0.000001           1         1           shutdown
  0.01    0.165151        1966        84           socket
  0.00    0.000019          10         2           socketpair
  0.03    0.537262           3    163325      3094 stat
  0.00    0.000013           3         5           sysinfo
  0.00    0.000013           3         5           uname
  0.00    0.000000           0         3           unlink
  0.00    0.000371           2       191           utimes
  1.55   32.550784     1914752        17           wait4
  0.00    0.018407           1     15237           write
------ ----------- ----------- --------- --------- ----------------
100.00 2097.289179               2710799     95396 total
% time     seconds  usecs/call     calls    errors syscall
------ ----------- ----------- --------- --------- ----------------
  0.00    0.000443           2       238        69 access
  0.00    0.000016           2         9           arch_prctl
  0.00    0.000026           7         4           bind
  0.00    0.000081           2        38           brk
  0.00    0.000009           2         5           chdir
  0.00    0.000017           4         4           clock_getres
  0.00    0.000529           5       109           clone
  0.00    0.029548           2     13393           close
  0.00    0.002858          33        86        70 connect
  0.00    0.000131           2        67           dup2
  0.00    0.000072           4        20        11 execve
  0.00    0.000018           9         2           faccessat
  0.00    0.000030           4         8           fchdir
  0.00    0.007466           2      3071           fcntl
  0.00    0.027525           2     16881           fstat
  0.00    0.000120          20         6           ftruncate
 27.67  579.334460        2875    201514     65488 futex
  0.00    0.000016           2         9           getcwd
  0.00    0.098707           5     19606           getdents
  0.00    0.000007           1         7           getegid
  0.00    0.000052           3        19           geteuid
  0.00    0.000008           1         7           getgid
  0.00    0.000025           3         9           getpid
  0.00    0.000008           4         2           getppid
  0.00    0.000256           4        59         2 getsockname
  0.00    0.001007          21        49           getsockopt
  0.00    0.000120           1        92           gettid
  0.00    0.000009           1         9           getuid
  0.00    0.000183           2        74         7 ioctl
  0.00    0.029493           1     28054        47 lseek
  0.01    0.239516           3     88696        18 lstat
  0.00    0.001685          16       105           madvise
  0.00    0.000012           6         2         2 mkdir
  0.00    0.024307           9      2564           mmap
  0.00    0.016179           2      7510           mprotect
  0.00    0.003021           4       781           munmap
  0.00    0.041136           3     14176       694 openat
  0.00    0.000091           6        16           pipe
  0.00    0.003154           6       514           poll
  0.00    0.000224           2        90           prctl
  0.00    0.000057           3        18           prlimit64
  0.01    0.255203           6     40914           read
  0.00    0.000091           2        49         2 readlink
 70.15 1468.589875        1470    998704           recvfrom
  0.00    0.006167         617        10           recvmsg
  0.00    0.000301           2       132           rt_sigaction
  0.00    0.000552           2       344           rt_sigprocmask
  0.00    0.000274           3        80           rt_sigreturn
  0.00    0.000539           3       191           sched_getaffinity
  0.00    0.000000           0         1           sched_setaffinity
  0.01    0.106499          11      9535           sched_yield
  0.00    0.000050          50         1           sendmmsg
  0.56   11.707343          12   1000379           sendto
  0.00    0.000185           2        97           set_robust_list
  0.00    0.000007           2         3           set_tid_address
  0.00    0.005743          39       147           setsockopt
  0.00    0.000000           0         1           shutdown
  0.00    0.036254         427        85           socket
  0.00    0.000000           0         2           socketpair
  0.03    0.535392           3    163338      3094 stat
  0.00    0.000036           7         5           sysinfo
  0.00    0.000005           1         5           uname
  0.00    0.000009           3         3           unlink
  0.00    0.000321           2       191           utimes
  1.55   32.464376     1909669        17           wait4
  0.00    0.023453           2     15008           write
------ ----------- ----------- --------- --------- ----------------
100.00 2093.595297               2627165     69504 total
% time     seconds  usecs/call     calls    errors syscall
------ ----------- ----------- --------- --------- ----------------
  0.00    0.000250           1       230        65 access
  0.00    0.000016           2         8           arch_prctl
  0.00    0.000009           2         4           bind
  0.00    0.000087           2        35           brk
  0.00    0.000008           2         5           chdir
  0.00    0.000018           5         4           clock_getres
  0.00    0.000859           8       109           clone
  0.00    0.025931           2     13378           close
  0.00    0.001777          21        84        69 connect
  0.00    0.000150           2        64           dup2
  0.00    0.000069           4        19        11 execve
  0.00    0.000000           0         2           faccessat
  0.00    0.000027           3         8           fchdir
  0.00    0.010986           4      3071           fcntl
  0.00    0.022457           1     16870           fstat
  0.00    0.000119          20         6           ftruncate
 27.27  560.406235        2563    218612     74628 futex
  0.00    0.000004           0         9           getcwd
  0.00    0.097964           5     19602           getdents
  0.00    0.000002           1         3           getegid
  0.00    0.000027           2        15           geteuid
  0.00    0.000002           1         3           getgid
  0.00    0.000016           2         9           getpid
  0.00    0.000000           0         2           getppid
  0.00    0.001813          31        59         2 getsockname
  0.00    0.003716          76        49           getsockopt
  0.00    0.000298           3        92           gettid
  0.00    0.000002           0         5           getuid
  0.00    0.000016           0        71         7 ioctl
  0.00    0.023891           1     28054        47 lseek
  0.01    0.217040           2     88700        18 lstat
  0.00    0.001472          14       107           madvise
  0.00    0.000010           5         2         2 mkdir
  0.00    0.013504           5      2550           mmap
  0.00    0.016321           2      7209           mprotect
  0.00    0.001648           2       771           munmap
  0.00    0.035507           3     14162       694 openat
  0.00    0.000007           0        16           pipe
  0.00    0.020819          34       604           poll
  0.00    0.000406           5        90           prctl
  0.00    0.000055           3        18           prlimit64
  0.01    0.126101           3     40938           read
  0.00    0.000055           1        49         2 readlink
 70.62 1451.534207        1449   1001982           recvfrom
  0.00    0.008344         834        10           recvmsg
  0.00    0.000134           1       127           rt_sigaction
  0.00    0.001019           3       344           rt_sigprocmask
  0.00    0.000060           1       102           rt_sigreturn
  0.00    0.000750           4       190           sched_getaffinity
  0.02    0.376415           8     48126           sched_yield
  0.00    0.000000           0         1           sendmmsg
  0.47    9.705813          10   1000424           sendto
  0.00    0.000268           3        97           set_robust_list
  0.00    0.000007           2         3           set_tid_address
  0.00    0.010307          70       147           setsockopt
  0.00    0.000000           0         1           shutdown
  0.01    0.286596        3412        84           socket
  0.00    0.000001           1         2           socketpair
  0.02    0.455538           3    163341      3094 stat
  0.00    0.000052          10         5           sysinfo
  0.00    0.000005           1         5           uname
  0.00    0.000056          19         3           unlink
  0.00    0.000710           4       191           utimes
  1.55   31.885621     1875625        17           wait4
  0.00    0.041354           3     15096           write
------ ----------- ----------- --------- --------- ----------------
100.00 2055.336951               2685996     78639 total
% time     seconds  usecs/call     calls    errors syscall
------ ----------- ----------- --------- --------- ----------------
  0.00    0.000337           2       219        54 access
  0.00    0.000008           1         6           arch_prctl
  0.00    0.000013           3         4           bind
  0.00    0.000055           2        27           brk
  0.00    0.000000           0         5           chdir
  0.00    0.000003           1         4           clock_getres
  0.00    0.001258          12       109           clone
  0.00    0.029507           2     13353           close
  0.00    0.000842          10        84        69 connect
  0.00    0.000113           2        64           dup2
  0.00    0.000004           0        12         6 execve
  0.00    0.000008           4         2           faccessat
  0.00    0.000000           0         8           fchdir
  0.00    0.014334           5      3071           fcntl
  0.00    0.025785           2     16826           fstat
  0.00    0.000096          16         6           ftruncate
 27.66  557.700370        2666    209222     67898 futex
  0.00    0.000013           1         9           getcwd
  0.01    0.107915           6     19602           getdents
  0.00    0.000006           2         3           getegid
  0.00    0.000015           1        15           geteuid
  0.00    0.000007           2         3           getgid
  0.00    0.000005           1         8           getpid
  0.00    0.000005           3         2           getppid
  0.00    0.001602          27        59         2 getsockname
  0.00    0.002404          49        49           getsockopt
  0.00    0.000263           3        92           gettid
  0.00    0.000017           3         5           getuid
  0.00    0.000058           1        70         6 ioctl
  0.00    0.027417           1     28054        47 lseek
  0.01    0.226148           3     88694        18 lstat
  0.00    0.001712          16       104           madvise
  0.00    0.000000           0         2         2 mkdir
  0.00    0.012230           5      2493           mmap
  0.00    0.015375           2      7615           mprotect
  0.00    0.002319           3       770           munmap
  0.00    0.041088           3     14102       664 openat
  0.00    0.000020           1        16           pipe
  0.00    0.049272          93       532           poll
  0.00    0.000343           4        90           prctl
  0.00    0.000007           0        17           prlimit64
  0.01    0.149356           4     40877           read
  0.00    0.000093           2        47         1 readlink
 70.17 1414.613660        1411   1002208           recvfrom
  0.00    0.017654        1261        14           recvmsg
  0.00    0.000053           1        61           rt_sigaction
  0.00    0.000862           3       344           rt_sigprocmask
  0.00    0.000129           1        94           rt_sigreturn
  0.00    0.000718           4       190           sched_getaffinity
  0.01    0.272379           7     37827           sched_yield
  0.00    0.000000           0         1           sendmmsg
  0.51   10.284273          10   1000388           sendto
  0.00    0.000253           3        96           set_robust_list
  0.00    0.000004           2         2           set_tid_address
  0.00    0.004370          30       147           setsockopt
  0.00    0.000000           0         1           shutdown
  0.00    0.026848         320        84           socket
  0.00    0.000013           7         2           socketpair
  0.03    0.504698           3    163304      3074 stat
  0.00    0.000021           5         4           sysinfo
  0.00    0.000017           3         5           uname
  0.00    0.000013           4         3           unlink
  0.00    0.000476           2       191           utimes
  1.58   31.800380     1870611        17           wait4
  0.00    0.018982           1     15028           write
------ ----------- ----------- --------- --------- ----------------
100.00 2015.956226               2666363     71841 total
% time     seconds  usecs/call     calls    errors syscall
------ ----------- ----------- --------- --------- ----------------
  0.00    0.000259           1       234        69 access
  0.00    0.000008           1         9           arch_prctl
  0.00    0.000005           1         4           bind
  0.00    0.000054           1        38           brk
  0.00    0.000000           0         5           chdir
  0.00    0.000010           3         4           clock_getres
  0.00    0.001111          10       109           clone
  0.00    0.028074           2     13389           close
  0.00    0.002534          30        84        69 connect
  0.00    0.000278           4        64           dup2
  0.00    0.000010           1        20        11 execve
  0.00    0.000000           0         2           faccessat
  0.00    0.000017           2         8           fchdir
  0.00    0.019423           6      3071           fcntl
  0.00    0.023243           1     16881           fstat
  0.00    0.000036           6         6           ftruncate
 27.60  588.103356        2418    243228     85392 futex
  0.00    0.000016           2         9           getcwd
  0.01    0.124544           6     19606           getdents
  0.00    0.000000           0         3           getegid
  0.00    0.000020           1        15           geteuid
  0.00    0.000000           0         3           getgid
  0.00    0.000012           1         9           getpid
  0.00    0.000000           0         2           getppid
  0.00    0.004335          73        59         2 getsockname
  0.00    0.003620          74        49           getsockopt
  0.00    0.000190           2        92           gettid
  0.00    0.000005           1         5           getuid
  0.00    0.000043           1        71         7 ioctl
  0.00    0.026658           1     28054        47 lseek
  0.01    0.224078           3     88696        18 lstat
  0.00    0.001573          18        88           madvise
  0.00    0.000007           4         2         2 mkdir
  0.00    0.011764           5      2568           mmap
  0.00    0.019509           3      7571           mprotect
  0.00    0.001940           3       776           munmap
  0.00    0.037216           3     14173       694 openat
  0.00    0.000012           1        16           pipe
  0.00    0.033274          49       682           poll
  0.00    0.000312           3        90           prctl
  0.00    0.000045           3        18           prlimit64
  0.01    0.179827           4     40930           read
  0.00    0.000110           2        49         2 readlink
 70.15 1494.999734        1496    999164           recvfrom
  0.00    0.006257         626        10           recvmsg
  0.00    0.000314           2       127           rt_sigaction
  0.00    0.000757           2       344           rt_sigprocmask
  0.00    0.000436           4        97           rt_sigreturn
  0.00    0.000667           3       191           sched_getaffinity
  0.00    0.000000           0         1           sched_setaffinity
  0.01    0.263647          10     26292           sched_yield
  0.00    0.000000           0         1           sendmmsg
  0.61   12.956826          13   1000463           sendto
  0.00    0.000298           3        97           set_robust_list
  0.00    0.000003           1         3           set_tid_address
  0.00    0.017512         119       147           setsockopt
  0.00    0.000000           0         1           shutdown
  0.01    0.229507        2732        84           socket
  0.00    0.000002           1         2           socketpair
  0.03    0.557808           3    163333      3094 stat
  0.00    0.000020           4         5           sysinfo
  0.00    0.000024           5         5           uname
  0.00    0.000029          10         3           unlink
  0.00    0.000414           2       191           utimes
  1.55   33.108139     1947538        17           wait4
  0.00    0.038426           3     15180           write
------ ----------- ----------- --------- --------- ----------------
100.00 2131.028348               2686550     89407 total
% time     seconds  usecs/call     calls    errors syscall
------ ----------- ----------- --------- --------- ----------------
  0.00    0.000398           2       234        69 access
  0.00    0.000015           2         9           arch_prctl
  0.00    0.000022           6         4           bind
  0.00    0.000079           2        38           brk
  0.00    0.000011           2         5           chdir
  0.00    0.000017           4         4           clock_getres
  0.00    0.002203          20       109           clone
  0.00    0.031456           2     13389           close
  0.00    0.007082          84        84        69 connect
  0.00    0.000118           2        64           dup2
  0.00    0.000037           2        20        11 execve
  0.00    0.000018           9         2           faccessat
  0.00    0.000029           4         8           fchdir
  0.00    0.024426           8      3071           fcntl
  0.00    0.028752           2     16881           fstat
  0.00    0.000044           7         6           ftruncate
 27.16  586.633446        3252    180373     67732 futex
  0.00    0.000011           1         9           getcwd
  0.00    0.105729           5     19606           getdents
  0.00    0.000006           2         3           getegid
  0.00    0.000048           3        15           geteuid
  0.00    0.000006           2         3           getgid
  0.00    0.000014           2         9           getpid
  0.00    0.000006           3         2           getppid
  0.00    0.008767         149        59         2 getsockname
  0.00    0.007334         150        49           getsockopt
  0.00    0.000264           3        92           gettid
  0.00    0.000006           1         5           getuid
  0.00    0.000156           2        71         7 ioctl
  0.00    0.021021           1     28058        47 lseek
  0.01    0.261943           3     88698        18 lstat
  0.00    0.001248          13        94           madvise
  0.00    0.000011           6         2         2 mkdir
  0.00    0.009322           4      2401           mmap
  0.00    0.014793           2      6996           mprotect
  0.00    0.001470           2       764           munmap
  0.00    0.041609           3     14173       694 openat
  0.00    0.000078           5        16           pipe
  0.00    0.035159          62       566           poll
  0.00    0.000314           3        90           prctl
  0.00    0.000057           3        18           prlimit64
  0.00    0.067766           2     40956           read
  0.00    0.000077           2        49         2 readlink
 70.55 1523.540777        1522   1001314           recvfrom
  0.00    0.008345         835        10           recvmsg
  0.00    0.000187           1       127           rt_sigaction
  0.00    0.001295           4       345           rt_sigprocmask
  0.00    0.000133           2        86           rt_sigreturn
  0.00    0.000726           4       191           sched_getaffinity
  0.00    0.000000           0         1           sched_setaffinity
  0.00    0.080419          10      7908           sched_yield
  0.00    0.000000           0         1           sendmmsg
  0.63   13.499683          13   1000405           sendto
  0.00    0.000271           3        97           set_robust_list
  0.00    0.000004           1         3           set_tid_address
  0.00    0.028955         197       147           setsockopt
  0.00    0.000000           0         1           shutdown
  0.00    0.103601        1233        84           socket
  0.00    0.000002           1         2           socketpair
  0.03    0.544442           3    163337      3094 stat
  0.00    0.000038           8         5           sysinfo
  0.00    0.000005           1         5           uname
  0.00    0.000000           0         3           unlink
  0.00    0.000049           0       191           utimes
  1.60   34.499926     2029407        17           wait4
  0.00    0.021623           1     15063           write
------ ----------- ----------- --------- --------- ----------------
100.00 2159.635849               2606448     71747 total
% time     seconds  usecs/call     calls    errors syscall
------ ----------- ----------- --------- --------- ----------------
  0.00    0.000119           5        26        17 access
  0.00    0.000004           4         1           arch_prctl
  0.00    0.000024           6         4           bind
  0.00    0.000017           4         4           brk
  0.00    0.000010           5         2           clock_getres
  0.00    0.000917          13        70           clone
  0.00    0.000557           2       262           close
  0.00    0.004606          61        76        61 connect
  0.00    0.000075           2        50           dup2
  0.00    0.000005           1         6         5 execve
  0.00    0.000014           4         4           fchdir
  0.00    0.012911          51       254           fcntl
  0.00    0.000666           2       281           fstat
  0.00    0.000020          10         2           ftruncate
 25.58  519.145196        2974    174545     68825 futex
  0.00    0.000000           0         3           getcwd
  0.00    0.000308           6        54           getdents
  0.00    0.000013           3         4           geteuid
  0.00    0.000007           2         3           getpid
  0.00    0.001683          29        58         1 getsockname
  0.00    0.000599          12        49           getsockopt
  0.00    0.000134           2        69           gettid
  0.00    0.000000           0         1           getuid
  0.00    0.000011           0        64           ioctl
  0.00    0.009595           2      5169        46 lseek
  0.00    0.000363           2       189         2 lstat
  0.00    0.001468          22        66           madvise
  0.00    0.000004           4         1         1 mkdir
  0.00    0.008307          10       814           mmap
  0.00    0.009909           3      3142           mprotect
  0.00    0.000539           6        83           munmap
  0.00    0.001215           5       250        38 openat
  0.00    0.000004           4         1           pipe
  0.00    0.030722          49       626           poll
  0.00    0.000209           3        68           prctl
  0.00    0.000033           4         8           prlimit64
  0.00    0.017211           3      6648           read
  0.00    0.000036          18         2           readlink
 72.26 1466.378459        1466   1000532           recvfrom
  0.00    0.008365         837        10           recvmsg
  0.00    0.000073           3        25           rt_sigaction
  0.00    0.000453           2       264           rt_sigprocmask
  0.00    0.000014           2         7           rt_sigreturn
  0.00    0.000406           3       141           sched_getaffinity
  0.02    0.334217           9     38869           sched_yield
  0.00    0.000058          58         1           sendmmsg
  0.52   10.609346          11   1000435           sendto
  0.00    0.000193           3        71           set_robust_list
  0.00    0.000004           4         1           set_tid_address
  0.00    0.012799          87       147           setsockopt
  0.00    0.000000           0         1           shutdown
  0.00    0.054889         732        75           socket
  0.00    0.000000           0         1           socketpair
  0.00    0.001020           4       233        50 stat
  0.00    0.000012           6         2           sysinfo
  0.00    0.000005           2         3           uname
  0.00    0.000000           0         1           unlink
  1.60   32.536902    16268451         2           wait4
  0.00    0.024864          29       849           write
------ ----------- ----------- --------- --------- ----------------
100.00 2029.209590               2234629     69046 total
